% -------------------------------------------------------------------
%  Generated by MATLAB on 22-Oct-2024 19:38:55
%  MATLAB version: 9.12.0.2529717 (R2022a) Update 8
% -------------------------------------------------------------------
                                               

bushing_test_data = struct;
bushing_test_data.staticX = struct;
bushing_test_data.staticX.data = struct;
bushing_test_data.staticX.data.disp = ...
  [-3.4827; -3.4257; -3.3684; -3.3093; -3.2474; -3.1865; -3.124; -3.0619; ...
   -2.9987; -2.9308; -2.8664; -2.7975; -2.731; -2.6622; -2.5925; -2.5241000000000002; ...
   -2.456; -2.3832; -2.3176; -2.2518; -2.184; -2.1155; -2.0466; -1.9731; ...
   -1.9024; -1.831; -1.7646; -1.6893; -1.6163; -1.5435; -1.4731; -1.4045; ...
   -1.3325; -1.258; -1.1883000000000001; -1.1161; -1.0449; -0.97510000000000008; ...
   -0.9023000000000001; -0.8278; -0.7563; -0.6856; -0.61330000000000007; ...
   -0.5419; -0.4689; -0.39670000000000005; -0.3286; -0.25820000000000004; ...
   -0.18870000000000003; -0.11340000000000003; -0.040600000000000025; 0.031399999999999983; ...
   0.10409999999999997; 0.179; 0.25139999999999996; 0.32289999999999996; ...
   0.3969; 0.4693; 0.5423; 0.6108; 0.6847; 0.7574; 0.8249; 0.8979; 0.9701; ...
   1.044; 1.1146; 1.1856; 1.2607; 1.3296999999999999; 1.4018; 1.4731; 1.5441; ...
   1.6183; 1.6905; 1.7616; 1.8308; 1.9015; 1.973; 2.0421; 2.1155; 2.1877; ...
   2.2609; 2.3294; 2.4029; 2.4739; 2.5439; 2.6154; 2.6862; 2.7588; 2.8244; ...
   2.9006; 2.968; 3.0388; 3.1034; 3.1724; 3.2429; 3.3124; 3.3838; 3.4562; ...
   3.4735; 3.4149; 3.3551; 3.2932; 3.2261; 3.165; 3.1025; 3.0392; 2.9746; ...
   2.9109; 2.8438; 2.775; 2.7065; 2.6419; 2.5738; 2.5088; 2.4426; 2.3735; ...
   2.3024; 2.2322; 2.1617; 2.0883000000000003; 2.0168; 1.9503; 1.8778; ...
   1.8057; 1.7359; 1.6703; 1.5966; 1.5268; 1.4538; 1.3821999999999999; ...
   1.3113; 1.2404; 1.1693; 1.0962; 1.0202; 0.95019999999999993; 0.87569999999999992; ...
   0.80599999999999994; 0.7316; 0.65889999999999993; 0.5865; 0.5149999999999999; ...
   0.4426; 0.3696; 0.2984; 0.22359999999999997; 0.15109999999999998; 0.07779999999999998; ...
   0.0082999999999999741; -0.065700000000000036; -0.14090000000000003; ...
   -0.2122; -0.28550000000000003; -0.3533; -0.4244; -0.4981; -0.5678; -0.63850000000000007; ...
   -0.7092; -0.7848; -0.85830000000000006; -0.9315; -1; -1.0684; -1.1419; ...
   -1.2133; -1.283; -1.3563; -1.4297; -1.4984; -1.5674000000000001; -1.641; ...
   -1.7121; -1.7821; -1.8542; -1.9277000000000002; -1.9996999999999998; ...
   -2.0688; -2.1365; -2.2079; -2.2783; -2.3536; -2.4235; -2.4951; -2.5641; ...
   -2.6343; -2.7048; -2.7721; -2.8454; -2.9135; -2.9844; -3.0521; -3.1234; ...
   -3.1905; -3.2609; -3.3298; -3.399; -3.4671];
bushing_test_data.staticX.data.force = ...
  [-9968.1289073623466; -9373.6132774102334; -8868.3295859874252; -8399.6789154809885; ...
   -7941.3228862899841; -7512.1382936347291; -7094.96043753608; -6698.3066482459844; ...
   -6312.9940007456162; -5919.0829989614667; -5565.6470237663289; -5205.9641470164361; ...
   -4880.4885067119894; -4563.4542653513654; -4258.5639748972317; -3982.5711131210019; ...
   -3728.3351091505629; -3464.7405840102429; -3243.9137337240695; -3039.739318479551; ...
   -2829.6071922356759; -2630.1282793447745; -2443.2405569159173; -2249.121261647033; ...
   -2078.6703015400803; -1904.1783008590144; -1762.5919594803786; -1591.2589713307527; ...
   -1437.9021040411694; -1287.158178024672; -1144.4564325594326; -1008.4386072498603; ...
   -858.965253083047; -703.234272145301; -574.48063082520332; -438.42205363390218; ...
   -308.07241720322475; -193.38592793375764; -64.7408436154278; 64.719948513468381; ...
   180.97988620065712; 293.72087439874383; 412.03883834732284; 518.91100636118; ...
   635.009135979952; 743.274063673242; 842.65536064019932; 951.61072805761364; ...
   1054.4659608763347; 1176.3860960396396; 1291.3138145673165; 1395.8400767796104; ...
   1511.2790229466632; 1635.5241058901547; 1752.6906249709173; 1868.1186646900283; ...
   1996.5549893258358; 2124.2009163703583; 2256.3606051978859; 2367.35775829547; ...
   2509.5613989067324; 2646.1677088610932; 2767.2356015865571; 2911.8719790245264; ...
   3053.6635523432692; 3209.7202490435375; 3354.5263973728374; 3500.7178831665115; ...
   3673.8353042106828; 3823.8688817143957; 3988.0820496580027; 4148.8173216716459; ...
   4305.1392683125714; 4485.6836753345233; 4660.3427299961113; 4836.6924249197364; ...
   5009.2193801822441; 5196.6899084647912; 5388.6294763651285; 5565.1922950493181; ...
   5768.7203890305163; 5967.4931531464044; 6177.08996777922; 6364.3953338042093; ...
   6580.088121501075; 6795.16190398839; 7003.0617875061844; 7219.5308390055179; ...
   7444.61102862449; 7671.2988335411583; 7870.1594335866184; 8125.4721356963082; ...
   8338.6873179286758; 8576.069730010975; 8779.32421840936; 9011.6650254308151; ...
   9256.9180036989856; 9492.4296909871318; 9734.7923924555434; 9987.9263017680551; ...
   9826.1810906032533; 9250.66737406674; 8747.7811468623622; 8267.9442410701558; ...
   7778.3891191319381; 7350.4316964788632; 6935.5904027342713; 6533.0579967743079; ...
   6137.7916153020587; 5765.12179024787; 5397.05867066547; 5034.8502635566538; ...
   4706.8704385418587; 4412.3896956041317; 4118.7804382649665; 3852.6365064117522; ...
   3598.1024304375546; 3344.9743657713238; 3098.6893813587885; 2871.8507461565423; ...
   2655.3807888196225; 2431.7469103660128; 2233.6087412242105; 2057.3400795089424; ...
   1860.977669764314; 1669.6075191136165; 1490.1665160104396; 1330.1168467015245; ...
   1139.0668929068063; 972.114310233379; 798.96500905612527; 636.6361262496215; ...
   488.10970975071285; 341.91537458244767; 203.70924999994264; 63.056681569332561; ...
   -84.555870198920061; -194.90751989095537; -324.08913127220853; -437.22656827089395; ...
   -566.26533019865587; -680.9498638130375; -788.65895689934644; -903.7811166028124; ...
   -1016.0467685491033; -1125.0748265886973; -1236.5183822026174; -1352.6059367014254; ...
   -1461.3772370383485; -1574.3086571616811; -1675.6699839685523; -1790.3116190159055; ...
   -1916.2108312352807; -2025.81574072829; -2144.72491383549; -2249.0761141741568; ...
   -2368.2662172107002; -2499.1920470799719; -2615.3136183785059; -2739.0890588263132; ...
   -2865.7632608634776; -3008.6191015102991; -3145.0496858941747; -3282.3765871904193; ...
   -3406.3742183609656; -3532.79939592279; -3683.4818212510759; -3826.9743073680461; ...
   -3968.2362740565213; -4135.3735678669154; -4284.8294596224132; -4418.8728793963792; ...
   -4571.4426794949359; -4741.8165129847412; -4902.4719081053227; -5063.4658181623354; ...
   -5240.9366898001745; -5421.8415401334832; -5591.9992298985253; -5767.5560788384892; ...
   -5939.704175206025; -6129.700546295845; -6319.6075613510684; -6538.0425364578559; ...
   -6726.7252049299523; -6929.4989654076444; -7126.1230915602246; -7338.3693235139635; ...
   -7548.2515235070705; -7748.52815574432; -7987.8357704925484; -8194.2417449002551; ...
   -8423.5411924615582; -8638.6843473625831; -8876.44301267543; -9089.04095025097; ...
   -9324.9386619511788; -9547.2033309146136; -9775.7025344504746; -10000; ...
   ];
